02 02 18 00 1A 03 00:00:050745 = right
rawinput - 02 01 02 02 05 03 
02 01 02 02 05 03 00:01:453094 = right
rawinput - 02 01 02 00 03 03 
02 01 02 00 03 03 00:01:612943 = right
rawinput - 02 01 02 02 05 03 
02 01 02 02 05 03 00:01:708583 = right
rawinput - 02 01 02 00 03 03 
02 01 02 00 03 03 00:01:900274 = right
rawinput - 02 01 02 02 05 03 02 01 07 02 0A 03 
02 01 02 02 05 03 00:02:012706 Overed
02 01 07 02 0A 03 00:02:017282 = right
rawinput - 02 01 02 02 05 03 02 01 07 02 0A 03 
02 01 02 02 05 03 00:02:060052 Overed
02 01 07 02 0A 03 00:02:069463 = right
rawinput - 02 01 02 02 05 03 02 01 07 02 0A 03 
02 01 02 02 05 03 00:02:108074 Overed
02 01 07 02 0A 03 00:02:109289 = right
rawinput - 02 01 02 02 05 03 02 01 07 02 0A 03 
02 01 02 02 05 03 00:02:156015 Overed
02 01 07 02 0A 03 00:02:157196 = right
rawinput - 02 01 02 02 05 03 02 01 07 02 0A 03 
02 01 02 02 05 03 00:02:203984 Overed
02 01 07 02 0A 03 00:02:205309 = right
rawinput - 02 01 02 02 05 03 02 01 07 02 0A 03 
02 01 02 02 05 03 00:02:251849 Overed
02 01 07 02 0A 03 00:02:252642 = right
rawinput - 02 01 02 02 05 03 02 01 
02 01 02 02 05 03 00:02:299776 Overed
rawinput - 07 02 0A 03 
 Fixed
02 01 07 02 0A 03  = pasted
02 01 07 02 0A 03 00:02:330114 = right
rawinput - 02 01 02 02 05 03 02 01 07 02 0A 03 
02 01 02 02 05 03 00:02:363776 Overed
02 01 07 02 0A 03 00:02:364664 = right
rawinput - 02 01 02 02 05 03 02 01 07 02 0A 03 
02 01 02 02 05 03 00:02:411714 Overed
02 01 07 02 0A 03 00:02:412604 = right
rawinput - 02 01 02 02 05 03 
02 01 02 02 05 03 00:02:4597 = right
rawinput - 02 01 07 02 0A 03 02 01 02 02 05 03 
02 01 07 02 0A 03 00:02:507677 Overed
02 01 02 02 05 03 00:02:508431 = right
rawinput - 02 01 07 02 0A 03 02 01 02 02 05 03 
02 01 07 02 0A 03 00:02:555628 Overed
02 01 02 02 05 03 00:02:556344 = right
rawinput - 02 01 02 00 03 03 
02 01 02 00 03 03 00:02:651553 = right
rawinput - 02 01 02 02 05 03 
02 01 02 02 05 03 00:02:699502 = right
rawinput - 02 01 02 00 03 03 
02 01 02 00 03 03 00:02:811469 = right
rawinput - 02 01 02 02 05 03 
02 01 02 02 05 03 00:03:611021 = right
rawinput - 02 01 02 00 03 03 
02 01 02 00 03 03 00:03:706935 = right
rawinput - 02 01 02 02 05 03 
02 01 02 02 05 03 00:04:010662 = right
rawinput - 02 01 02 00 03 03 
02 01 02 00 03 03 00:04:202544 = right
rawinput - 02 01 02 02 05 03 
02 01 02 02 05 03 00:04:410592 = right
rawinput - 02 01 02 00 03 03 
02 01 02 00 03 03 00:04:506937 = right
rawinput - 02 01 02 02 05 03 
02 01 02 02 05 03 00:04:650294 = right
rawinput - 02 01 02 00 03 03 
02 01 02 00 03 03 00:04:906151 = right
rawinput - 02 01 02 02 05 03 
02 01 02 02 05 03 00:05:002426 = right
6 = number
rawinput - 02 02 15 01 18 03 02 01 02 02 05 03 
02 02 15 01 18 03 00:05:161892 Overed
02 01 02 02 05 03 00:05:237881 = right
rawinput - 02 01 02 02 05 03 
02 01 02 02 05 03 00:05:278611 = right
rawinput - 02 01 02 02 05 03 
02 01 02 02 05 03 00:05:305791 = right
rawinput - 02 01 02 02 05 03 
02 01 02 02 05 03 00:05:353766 = right
rawinput - 02 01 02 00 03 03 
02 01 02 00 03 03 00:06:009159 = right
rawinput - 02 01 02 02 05 03 
02 01 02 02 05 03 00:06:105103 = right
rawinput - 02 01 07 00 08 03 02 01 02 00 03 03 
02 01 07 00 08 03 00:06:504836 Overed
02 01 02 00 03 03 00:06:533635 = right
rawinput - 02 01 07 00 08 03 
02 01 07 00 08 03 00:06:552782 = right
rawinput - 02 01 07 02 0A 03 
02 01 07 02 0A 03 00:06:600751 = right
rawinput - 02 01 07 00 08 03 
02 01 07 00 08 03 00:06:712706 = right
rawinput - 02 01 05 01 07 03 02 01 07 00 08 03 
02 01 05 01 07 03 00:07:112422 Overed
02 01 07 00 08 03 00:07:149023 = right
rawinput - 02 01 05 01 07 03 02 02 15 00 17 03 
02 01 05 01 07 03 00:07:160322 Overed
02 02 15 00 17 03 00:07:179413 = right
rawinput - 02 01 05 01 07 03 
02 01 05 01 07 03 00:07:208304 = right
rawinput - 02 01 05 01 07 03 
02 01 05 01 07 03 00:07:304264 = right
rawinput - 02 01 05 01 07 03 
02 01 05 01 07 03 00:07:35218 = right
rawinput - 02 01 05 01 07 03 
02 01 05 01 07 03 00:07:448066 = right
rawinput - 02 01 05 01 07 03 
02 01 05 01 07 03 00:07:512068 = right
rawinput - 02 01 05 01 07 03 
02 01 05 01 07 03 00:07:607956 = right
rawinput - 02 01 07 02 0A 03 
02 01 07 02 0A 03 00:08:199566 = right
rawinput - 02 01 02 02 05 03 02 01 07 00 08 03 
02 01 02 02 05 03 00:08:311431 Overed
02 01 07 00 08 03 00:08:31244 = right
1 = number
rawinput - 02 01 02 02 05 03 02 02 18 01 1B 03 02 01 07 00 08 03 
02 01 02 02 05 03 00:08:359437 Overed
02 02 18 01 1B 03 00:08:401836 Overed
02 01 07 00 08 03 00:08:428831 = right
rawinput - 02 01 07 02 0A 03 02 01 02 02 05 03 02 01 07 02 0A 03 
02 01 07 02 0A 03 00:08:459535 Overed
02 01 02 02 05 03 00:08:497169 Overed
02 01 07 02 0A 03 00:08:536353 = right
rawinput - 02 01 02 00 03 03 02 01 07 02 0A 03 02 01 02 00 03 03 
02 01 02 00 03 03 00:08:574514 Overed
02 01 07 02 0A 03 00:08:612914 Overed
02 01 02 00 03 03 00:08:650686 = right
rawinput - 02 01 07 02 0A 03 02 01 02 02 05 03 
02 01 07 02 0A 03 00:08:689482 Overed
02 01 02 02 05 03 00:08:726828 = right
rawinput - 02 01 07 02 0A 03 02 01 02 02 05 03 
02 01 07 02 0A 03 00:08:766665 Overed
02 01 02 02 05 03 00:08:801205 = right
rawinput - 02 01 07 02 0A 03 
02 01 07 02 0A 03 00:08:829154 = right
rawinput - 02 01 02 02 05 03 
02 01 02 02 05 03 00:08:85649 = right
rawinput - 02 01 02 00 03 03 
02 01 02 00 03 03 00:08:998973 = right
rawinput - 02 01 07 00 08 03 02 01 02 00 03 03 
02 01 07 00 08 03 00:09:110837 Overed
02 01 02 00 03 03 00:09:134961 = right
rawinput - 02 01 07 00 08 03 02 01 02 00 03 03 
02 01 07 00 08 03 00:09:158834 Overed
02 01 02 00 03 03 00:09:184142 = right
rawinput - 02 01 07 02 0A 03 02 01 02 00 03 03 
02 01 07 02 0A 03 00:09:20682 Overed
02 01 02 00 03 03 00:09:22647 = right
rawinput - 02 01 07 02 0A 03 02 01 02 00 03 03 
02 01 07 02 0A 03 00:09:254776 Overed
02 01 02 00 03 03 00:09:279203 = right
rawinput - 02 01 07 00 08 03 02 01 02 00 03 03 
02 01 07 00 08 03 00:09:304167 Overed
02 01 02 00 03 03 00:09:337956 = right
rawinput - 02 01 07 00 08 03 02 01 02 00 03 03 
02 01 07 00 08 03 00:09:362203 Overed
02 01 02 00 03 03 00:09:388176 = right
rawinput - 02 01 07 00 08 03 
02 01 07 00 08 03 00:09:462681 = right
rawinput - 02 01 02 00 03 03 
02 01 02 00 03 03 00:09:510633 = right
rawinput - 02 01 07 00 08 03 
02 01 07 00 08 03 00:09:558611 = right
rawinput - 02 01 08 01 0A 03 
02 01 08 01 0A 03 00:09:798354 = right
rawinput - 02 02 18 00 1A 
rawinput - 
 Fixed
02 02 18 00 1A  = pasted
rawinput - 03 02 01 08 01 0A 03 
 Fixed
02 02 18 00 1A 03 02 01 08 01 0A 03  = pasted
02 02 18 00 1A 03 00:09:915381 Overed
02 01 08 01 0A 03 00:09:938289 = right
rawinput - 02 01 08 01 0A 03 
02 01 08 01 0A 03 00:10:006243 = right
rawinput - 02 01 08 01 0A 03 
02 01 08 01 0A 03 00:10:054218 = right
rawinput - 02 01 08 01 0A 03 
02 01 08 01 0A 03 00:10:102149 = right
rawinput - 02 01 08 01 0A 03 
02 01 08 01 0A 03 00:10:15038 = right
rawinput - 02 01 08 01 0A 03 
02 01 08 01 0A 03 00:10:198098 = right
rawinput - 02 01 08 01 0A 03 
02 01 08 01 0A 03 00:10:262051 = right
rawinput - 02 01 08 01 0A 03 
02 01 08 01 0A 03 00:10:309995 = right
rawinput - 02 01 08 01 0A 03 
02 01 08 01 0A 03 00:10:357968 = right
rawinput - 02 01 07 02 0A 03 
02 01 07 02 0A 03 00:11:205364 = right
rawinput - 02 01 02 02 05 03 02 01 07 02 0A 03 
02 01 02 02 05 03 00:11:301281 Overed
02 01 07 02 0A 03 00:11:302239 = right
2 = number
rawinput - 02 02 17 01 1A 
rawinput - 
 Fixed
02 02 17 01 1A  = pasted
rawinput - 03 02 01 02 02 05 03 02 01 07 02 0A 03 
 Fixed
02 02 17 01 1A 03 02 01 02 02 05 03 02 01 07 02 0A 03  = pasted
02 02 17 01 1A 03 00:11:407013 Overed
02 01 02 02 05 03 00:11:463267 Overed
02 01 07 02 0A 03 00:11:470874 = right
rawinput - 02 01 02 02 05 03 02 01 07 02 0A 03 02 01 02 02 05 03 02 01 07 02 0A 03 
02 01 02 02 05 03 00:11:512293 Overed
02 01 07 02 0A 03 00:11:551439 Overed
02 01 02 02 05 03 00:11:589991 Overed
02 01 07 02 0A 03 00:11:63068 = right
rawinput - 02 01 02 02 05 03 02 01 07 02 0A 03 02 01 02 02 05 03 02 01 07 02 0A 03 02 01 02 02 05 03 
02 01 02 02 05 03 00:11:668895 Overed
02 01 07 02 0A 03 00:11:706944 Overed
02 01 02 02 05 03 00:11:747186 Overed
02 01 07 02 0A 03 00:11:790039 Overed
02 01 02 02 05 03 00:11:829589 = right
rawinput - 02 01 07 00 08 03 02 01 02 02 05 03 02 01 07 00 08 03 02 01 02 00 03 03 02 01 02 00 03 03 
02 01 07 00 08 03 00:11:876672 Overed
02 01 02 02 05 03 00:11:915899 Overed
02 01 07 00 08 03 00:11:954866 Overed
02 01 02 00 03 03 00:11:992982 Overed
02 01 02 00 03 03 00:12:034033 = right
rawinput - 02 01 02 02 05 03 02 01 02 02 05 03 
02 01 02 02 05 03 00:12:036091 Overed
02 01 02 02 05 03 00:12:11512 = right
rawinput - 02 01 07 02 0A 03 02 01 02 02 05 03 
02 01 07 02 0A 03 00:12:116977 Overed
02 01 02 02 05 03 00:12:194223 = right
rawinput - 02 01 07 02 0A 03 02 01 02 02 05 03 02 01 07 00 08 03 02 01 02 00 03 03 
02 01 07 02 0A 03 00:12:235302 Overed
02 01 02 02 05 03 00:12:274832 Overed
02 01 07 00 08 03 00:12:313755 Overed
02 01 02 00 03 03 00:12:355964 = right
rawinput - 02 01 07 00 08 03 02 01 02 00 03 03 02 01 07 00 08 03 02 01 02 00 03 03 02 01 07 00 08 03 02 01 02 00 03 03 
02 01 07 00 08 03 00:12:398447 Overed
02 01 02 00 03 03 00:12:438595 Overed
02 01 07 00 08 03 00:12:476949 Overed
02 01 02 00 03 03 00:12:516983 Overed
02 01 07 00 08 03 00:12:558027 Overed
02 01 02 00 03 03 00:12:601263 = right
rawinput - 02 01 07 00 08 03 02 01 02 00 03 03 02 01 07 00 08 03 
02 01 07 00 08 03 00:12:643774 Overed
02 01 02 00 03 03 00:12:683467 Overed
02 01 07 00 08 03 00:12:725013 = right
rawinput - 02 01 07 01 09 03 
02 01 07 01 09 03 00:12:765631 = right
rawinput - 02 02 17 00 19 03 
02 02 17 00 19 03 00:12:813078 = right
rawinput - 02 01 07 01 09 03 
02 01 07 01 09 03 00:12:849221 = right
rawinput - 02 01 07 02 0A 03 
02 01 07 02 0A 03 00:12:897205 = right
rawinput - 02 01 07 02 0A 03 
02 01 07 02 0A 03 00:12:961188 = right
rawinput - 02 01 07 01 09 03 
02 01 07 01 09 03 00:13:009132 = right
rawinput - 02 01 07 01 09 03 
02 01 07 01 09 03 00:13:057102 = right
rawinput - 02 01 07 01 09 03 
02 01 07 01 09 03 00:13:153027 = right
rawinput - 02 01 07 01 09 03 
02 01 07 01 09 03 00:13:248948 = right
rawinput - 02 01 02 02 05 03 
02 01 02 02 05 03 00:13:696635 = right
3 = number
rawinput - 02 02 16 01 19 03 02 01 02 02 05 03 
02 02 16 01 19 03 00:13:760589 Overed
02 01 02 02 05 03 00:13:790139 = right
rawinput - 02 01 02 02 05 03 
02 01 02 02 05 03 00:13:816236 = right
rawinput - 02 01 02 02 05 03 
02 01 02 02 05 03 00:13:856501 = right
rawinput - 02 01 02 02 05 03 
02 01 02 02 05 03 00:13:904499 = right
rawinput - 02 01 02 02 05 03 
02 01 02 02 05 03 00:13:952607 = right
rawinput - 02 01 02 00 03 03 
02 01 02 00 03 03 00:14:00042 = right
rawinput - 02 01 02 00 03 03 
02 01 02 00 03 03 00:14:048424 = right
rawinput - 02 01 02 00 03 03 
02 01 02 00 03 03 00:14:160327 = right
rawinput - 02 01 02 02 05 03 
02 01 02 02 05 03 00:14:256266 = right
rawinput - 02 01 02 00 03 03 
02 01 02 00 03 03 00:14:304203 = right
rawinput - 02 01 02 00 03 03 
02 01 02 00 03 03 00:14:352186 = right
rawinput - 02 01 07 00 08 03 02 01 02 00 03 03 
02 01 07 00 08 03 00:14:448268 Overed
02 01 02 00 03 03 00:14:479008 = right
rawinput - 02 01 07 00 08 03 02 
02 01 07 00 08 03 00:14:510624 Overed
rawinput - 01 02 00 03 03 
 Fixed
02 01 02 00 03 03  = pasted
02 01 02 00 03 03 00:14:545781 = right
rawinput - 02 01 07 00 08 03 02 01 02 00 03 03 02 01 07 00 08 03 02 01 02 02 05 03 
02 01 07 00 08 03 00:14:608612 Overed
02 01 02 00 03 03 00:14:640912 Overed
02 01 07 00 08 03 00:14:672534 Overed
02 01 02 02 05 03 00:14:704343 = right
rawinput - 02 01 07 00 08 03 02 01 02 02 05 03 02 01 07 00 08 03 
02 01 07 00 08 03 00:14:736008 Overed
02 01 02 02 05 03 00:14:767542 Overed
02 01 07 00 08 03 00:14:798413 = right
rawinput - 02 01 02 02 05 03 02 01 07 00 08 03 02 01 02 02 05 03 
02 01 02 02 05 03 00:14:831107 Overed
02 01 07 00 08 03 00:14:865076 Overed
02 01 02 02 05 03 00:14:897185 = right
rawinput - 02 01 07 00 08 03 
02 01 07 00 08 03 00:14:928924 = right
rawinput - 02 01 02 00 03 03 
02 01 02 00 03 03 00:14:960831 = right
rawinput - 02 01 
rawinput - 06 01 08 03 02 01 02 00 03 03 
 Fixed
02 01 06 01 08 03 02 01 02 00 03 03  = pasted
02 01 06 01 08 03 00:15:345329 Overed
02 01 02 00 03 03 00:15:387807 = right
rawinput - 02 01 06 01 08 03 
02 01 06 01 08 03 00:15:389322 = right
rawinput - 02 01 02 00 03 03 02 01 06 01 08 03 02 02 16 00 18 03 
02 01 02 00 03 03 00:15:420199 Overed
02 01 06 01 08 03 00:15:448739 Overed
02 02 16 00 18 03 00:15:477834 = right
rawinput - 02 01 02 00 03 03 02 01 06 01 08 03 02 01 06 01 08 03 
02 01 02 00 03 03 00:15:50737 Overed
02 01 06 01 08 03 00:15:535794 Overed
02 01 06 01 08 03 00:15:565539 = right
rawinput - 02 01 06 01 08 03 
02 01 06 01 08 03 00:15:59489 = right
rawinput - 02 01 06 01 08 03 
02 01 06 01 08 03 00:15:624425 = right
rawinput - 02 01 06 01 08 03 
02 01 06 01 08 03 00:15:653658 = right
rawinput - 02 01 06 01 08 03 
02 01 06 01 08 03 00:15:759181 = right
rawinput - 02 01 06 01 08 03 
02 01 06 01 08 03 00:15:807121 = right
rawinput - 02 01 06 01 08 03 
02 01 06 01 08 03 00:15:855092 = right
rawinput - 02 01 02 02 05 03 02 01 07 02 0A 03 
02 01 02 02 05 03 00:16:702428 Overed
02 01 07 02 0A 03 00:16:703455 = right
4 = number
rawinput - 02 01 02 02 05 03 02 02 12 01 15 03 
02 01 02 02 05 03 00:16:750444 Overed
02 02 12 01 15 03 00:16:78965 = right
rawinput - 02 01 07 02 0A 03 
02 01 07 02 0A 03 00:16:818623 = right
rawinput - 02 01 02 02 05 03 02 01 07 02 0A 03 
02 01 02 02 05 03 00:16:865543 Overed
02 01 07 02 0A 03 00:16:907488 = right
rawinput - 02 01 02 02 05 03 02 01 07 02 0A 03 
02 01 02 02 05 03 00:16:948753 Overed
02 01 07 02 0A 03 00:16:994988 = right
rawinput - 02 01 02 02 05 03 02 01 07 02 0A 03 02 01 02 00 03 03 02 01 07 02 0A 03 
02 01 02 02 05 03 00:17:040708 Overed
02 01 07 02 0A 03 00:17:087462 Overed
02 01 02 00 03 03 00:17:128852 Overed
02 01 07 02 0A 03 00:17:170891 = right
rawinput - 02 01 02 00 03 03 02 01 07 02 0A 03 02 01 02 00 03 03 02 01 07 02 0A 03 02 01 02 00 03 03 02 01 07 02 0A 03 
02 01 02 00 03 03 00:17:212983 Overed
02 01 07 02 0A 03 00:17:253959 Overed
02 01 02 00 03 03 00:17:29638 Overed
02 01 07 02 0A 03 00:17:337006 Overed
02 01 02 00 03 03 00:17:379216 Overed
02 01 07 02 0A 03 00:17:421021 = right
rawinput - 02 01 02 02 05 03 02 01 07 02 0A 03 02 01 02 00 03 03 02 01 02 00 03 03 02 01 02 02 05 03 02 01 07 00 08 03 
02 01 02 02 05 03 00:17:462636 Overed
02 01 07 02 0A 03 00:17:506312 Overed
02 01 02 00 03 03 00:17:548492 Overed
02 01 02 00 03 03 00:17:590923 Overed
02 01 02 02 05 03 00:17:592429 Overed
02 01 07 00 08 03 00:17:67546 = right
rawinput - 02 01 02 02 05 03 02 01 07 00 08 03 02 01 02 02 05 03 02 01 07 00 08 03 02 01 02 00 03 03 02 01 07 00 08 03 02 01 02 00 03 03 02 01 07 00 08 03 02 01 02 02 05 03 
02 01 02 02 05 03 00:17:717722 Overed
02 01 07 00 08 03 00:17:760911 Overed
02 01 02 02 05 03 00:17:808401 Overed
02 01 07 00 08 03 00:17:851707 Overed
02 01 02 00 03 03 00:17:895607 Overed
02 01 07 00 08 03 00:17:936342 Overed
02 01 02 00 03 03 00:17:979343 Overed
02 01 07 00 08 03 00:18:020979 Overed
02 01 02 02 05 03 00:18:063301 = right
rawinput - 02 01 07 00 08 03 02 01 02 02 05 03 02 01 07 00 08 03 02 01 02 00 03 03 02 01 07 00 08 03 02 01 02 01 04 03 02 01 07 00 08 03 02 01 02 01 04 03 
02 01 07 00 08 03 00:18:105981 Overed
02 01 02 02 05 03 00:18:147388 Overed
02 01 07 00 08 03 00:18:191429 Overed
02 01 02 00 03 03 00:18:232552 Overed
02 01 07 00 08 03 00:18:275253 Overed
02 01 02 01 04 03 00:18:317336 Overed
02 01 07 00 08 03 00:18:371758 Overed
02 01 02 01 04 03 00:18:374311 = right
rawinput - 02 01 02 02 05 03 02 01 02 00 03 03 02 01 02 02 05 03 02 02 12 00 14 03 
02 01 02 02 05 03 00:18:419372 Overed
02 01 02 00 03 03 00:18:460864 Overed
02 01 02 02 05 03 00:18:500891 Overed
02 02 12 00 14 03 00:18:545076 = right
rawinput - 02 01 02 00 03 03 02 01 02 02 05 03 02 01 02 02 05 03 
02 01 02 00 03 03 00:18:582754 Overed
02 01 02 02 05 03 00:18:608193 Overed
02 01 02 02 05 03 00:18:631356 = right
rawinput - 02 01 07 02 0A 03 02 01 02 02 05 03 02 01 02 02 05 03 
02 01 07 02 0A 03 00:18:655277 Overed
02 01 02 02 05 03 00:18:680693 Overed
8 = number
02 01 02 02 05 03 00:18:705455 = right
rawinput - 02 01 07 00 08 03 02 02 13 01 16 03 02 01 02 00 03 03 
02 01 07 00 08 03 00:18:733392 Overed
02 02 13 01 16 03 00:18:735276 Overed
02 01 02 00 03 03 00:18:787319 = right
rawinput - 02 01 07 00 08 03 02 01 02 00 03 03 02 01 07 02 0A 03 
02 01 07 00 08 03 00:18:810196 Overed
02 01 02 00 03 03 00:18:833257 Overed
02 01 07 02 0A 03 00:18:861828 = right
rawinput - 02 01 02 02 05 03 02 01 07 02 0A 03 
02 01 02 02 05 03 00:18:886097 Overed
02 01 07 02 0A 03 00:18:911022 = right
rawinput - 02 01 02 02 05 03 
02 01 02 02 05 03 00:18:934937 = right
rawinput - 02 01 02 00 03 03 
02 01 02 00 03 03 00:18:961543 = right
rawinput - 02 01 07 02 0A 03 
02 01 07 02 0A 03 00:19:004961 = right
rawinput - 02 01 02 00 03 03 02 01 07 02 0A 03 
02 01 02 00 03 03 00:19:052721 Overed
02 01 07 02 0A 03 00:19:079834 = right
rawinput - 02 01 02 02 05 03 02 01 07 02 0A 03 
02 01 02 02 05 03 00:19:107772 Overed
02 01 07 02 0A 03 00:19:137007 = right
rawinput - 02 01 02 02 05 03 02 01 07 02 0A 03 
02 01 02 02 05 03 00:19:165874 Overed
02 01 07 02 0A 03 00:19:19453 = right
rawinput - 02 01 02 02 05 03 
02 01 02 02 05 03 00:19:223711 = right
rawinput - 02 01 02 00 03 03 
02 01 02 00 03 03 00:19:308507 = right
rawinput - 02 01 02 02 05 03 
02 01 02 02 05 03 00:19:404461 = right
rawinput - 02 01 07 00 08 03 02 01 02 02 05 03 
02 01 07 00 08 03 00:19:452389 Overed
02 01 02 02 05 03 00:19:481476 = right
rawinput - 02 01 07 00 08 03 
02 01 07 00 08 03 00:19:510776 = right
rawinput - 02 01 02 02 05 03 02 01 07 00 08 03 
02 01 02 02 05 03 00:19:548394 Overed
02 01 07 00 08 03 00:19:575467 = right
rawinput - 02 01 02 02 05 03 02 01 07 00 08 03 
02 01 02 02 05 03 00:19:602448 Overed
02 01 07 00 08 03 00:19:631564 = right
rawinput - 02 01 02 02 05 03 02 01 07 00 08 03 
02 01 02 02 05 03 00:19:661183 Overed
02 01 07 00 08 03 00:19:689489 = right
rawinput - 02 01 02 00 03 03 
02 01 02 00 03 03 00:19:948056 = right
rawinput - 02 01 03 01 05 03 
02 01 03 01 05 03 00:20:459738 = right
rawinput - 02 02 13 00 15 03 
02 02 13 00 15 03 00:20:507658 = right
rawinput - 02 01 03 01 05 03 
02 01 03 01 05 03 00:20:555824 = right
rawinput - 02 01 03 01 05 03 
02 01 03 01 05 03 00:20:603612 = right
rawinput - 02 01 03 01 05 03 
02 01 03 01 05 03 00:20:651531 = right
rawinput - 02 01 03 01 05 03 
02 01 03 01 05 03 00:20:699531 = right
rawinput - 02 01 03 01 05 03 
02 01 03 01 05 03 00:20:74747 = right
rawinput - 02 01 03 01 05 03 
02 01 03 01 05 03 00:20:859398 = right
rawinput - 02 01 03 01 05 03 
02 01 03 01 05 03 00:20:907391 = right
rawinput - 02 01 03 01 05 03 
02 01 03 01 05 03 00:20:955455 = right
rawinput - 02 01 03 01 05 03 
02 01 03 01 05 03 00:21:003286 = right
rawinput - 02 01 03 01 05 03 
02 01 03 01 05 03 00:21:051283 = right
rawinput - 02 01 02 02 05 03 
02 01 02 02 05 03 00:21:594839 = right
rawinput - 02 01 07 02 0A 03 
02 01 07 02 0A 03 00:21:994532 = right
5 = number
rawinput - 02 02 11 01 14 03 02 01 02 02 05 03 02 01 07 02 0A 03 
02 02 11 01 14 03 00:22:058653 Overed
02 01 02 02 05 03 00:22:112554 Overed
02 01 07 02 0A 03 00:22:153436 = right
rawinput - 02 01 02 02 05 03 02 01 07 02 0A 03 02 01 02 02 05 03 02 01 07 02 0A 03 
02 01 02 02 05 03 00:22:197169 Overed
02 01 07 02 0A 03 00:22:237809 Overed
02 01 02 02 05 03 00:22:279852 Overed
02 01 07 02 0A 03 00:22:322299 = right
rawinput - 02 01 07 02 0A 03 02 01 07 02 0A 03 02 01 07 02 0A 03 
02 01 07 02 0A 03 00:22:36288 Overed
02 01 07 02 0A 03 00:22:36451 Overed
02 01 07 02 0A 03 00:22:408616 = right
rawinput - 02 01 07 02 0A 03 
02 01 07 02 0A 03 00:22:448554 = right
rawinput - 02 01 07 02 0A 03 
02 01 07 02 0A 03 00:22:491351 = right
rawinput - 02 01 07 02 0A 03 
02 01 07 02 0A 03 00:22:532699 = right
rawinput - 02 01 07 02 0A 03 
02 01 07 02 0A 03 00:22:574628 = right
rawinput - 02 01 07 00 08 03 
02 01 07 00 08 03 00:22:698221 = right
rawinput - 02 01 07 00 08 03 
02 01 07 00 08 03 00:22:746143 = right
rawinput - 02 01 01 01 03 03 
02 01 01 01 03 03 00:23:193708 = right
rawinput - 02 01 07 00 08 03 02 02 11 00 13 03 02 01 01 01 03 03 
02 01 07 00 08 03 00:23:257709 Overed
02 02 11 00 13 03 00:23:259479 Overed
02 01 01 01 03 03 00:23:303432 = right
rawinput - 02 01 01 01 03 03 
02 01 01 01 03 03 00:23:353614 = right
rawinput - 02 01 01 01 03 03 
02 01 01 01 03 03 00:23:401591 = right
rawinput - 02 01 01 01 03 03 
02 01 01 01 03 03 00:23:449556 = right
rawinput - 02 01 01 01 03 03 
02 01 01 01 03 03 00:23:497517 = right
rawinput - 02 01 01 01 03 03 
02 01 01 01 03 03 00:23:545431 = right
rawinput - 02 01 01 01 03 03 
02 01 01 01 03 03 00:23:593391 = right
rawinput - 02 01 01 01 03 03 
02 01 01 01 03 03 00:23:657312 = right
rawinput - 02 01 01 01 03 03 
02 01 01 01 03 03 00:23:70527 = right
rawinput - 02 01 01 01 03 03 
02 01 01 01 03 03 00:23:753242 = right
rawinput - 02 01 07 02 0A 03 
02 01 07 02 0A 03 00:24:200927 = right
7 = number
rawinput - 02 02 14 01 17 03 02 01 07 02 0A 03 
02 02 14 01 17 03 00:24:248942 Overed
02 01 07 02 0A 03 00:24:293493 = right
rawinput - 02 01 07 02 0A 03 
02 01 07 02 0A 03 00:24:321829 = right
rawinput - 02 01 07 02 0A 03 
02 01 07 02 0A 03 00:24:552713 = right
rawinput - 02 01 07 02 0A 03 
02 01 07 02 0A 03 00:24:648685 = right
rawinput - 02 01 07 02 0A 03 
02 01 07 02 0A 03 00:24:696576 = right
rawinput - 02 01 07 02 0A 03 
02 01 07 02 0A 03 00:24:744558 = right
rawinput - 02 01 07 02 0A 03 
02 01 07 02 0A 03 00:24:808496 = right
rawinput - 02 01 02 00 03 03 
02 01 02 00 03 03 00:25:096258 = right
rawinput - 02 01 07 00 08 03 02 01 02 00 03 03 
02 01 07 00 08 03 00:25:208189 Overed
02 01 02 00 03 03 00:25:235717 = right
rawinput - 02 01 07 00 08 03 02 01 02 00 03 03 
02 01 07 00 08 03 00:25:264266 Overed
02 01 02 00 03 03 00:25:289275 = right
rawinput - 02 01 07 02 0A 03 
02 01 07 02 0A 03 00:25:31721 = right
rawinput - 02 01 02 00 03 03 
02 01 02 00 03 03 00:25:352183 = right
rawinput - 02 01 07 02 0A 03 02 01 02 00 03 03 
02 01 07 02 0A 03 00:25:400085 Overed
02 01 02 00 03 03 00:25:429198 = right
rawinput - 02 01 07 02 0A 03 02 01 02 00 03 03 
02 01 07 02 0A 03 00:25:457208 Overed
02 01 02 00 03 03 00:25:486184 = right
rawinput - 02 01 07 00 08 03 
02 01 07 00 08 03 00:25:514317 = right
rawinput - 02 01 02 00 03 03 
02 01 02 00 03 03 00:25:607911 = right
rawinput - 02 01 07 02 0A 03 02 01 02 00 03 03 
02 01 07 02 0A 03 00:25:655951 Overed
02 01 02 00 03 03 00:25:685106 = right
rawinput - 02 01 04 01 06 03 02 01 07 02 0A 03 
02 01 04 01 06 03 00:25:714589 Overed
02 01 07 02 0A 03 00:25:74596 = right
rawinput - 02 01 04 01 06 03 02 01 07 02 0A 03 02 02 14 00 16 03 
02 01 04 01 06 03 00:25:751824 Overed
02 01 07 02 0A 03 00:25:771721 Overed
02 02 14 00 16 03 00:25:796259 = right
rawinput - 02 01 04 01 06 03 
02 01 04 01 06 03 00:25:819116 = right
rawinput - 02 01 04 01 06 03 
02 01 04 01 06 03 00:25:847757 = right
rawinput - 02 01 04 01 06 03 
02 01 04 01 06 03 00:25:943659 = right
rawinput - 02 01 04 01 06 03 
02 01 04 01 06 03 00:26:007623 = right
rawinput - 02 01 04 01 06 03 
02 01 04 01 06 03 00:26:055552 = right
rawinput - 02 01 04 01 06 03 
02 01 04 01 06 03 00:26:103538 = right
rawinput - 02 01 04 01 06 03 
02 01 04 01 06 03 00:26:151513 = right
rawinput - 02 01 04 01 06 03 
02 01 04 01 06 03 00:26:199492 = right
rawinput - 02 01 07 00 08 03 02 01 02 02 05 03 
02 01 07 00 08 03 00:26:45531 Overed
02 01 02 02 05 03 00:26:456206 = right
8 = number
rawinput - 02 01 07 00 08 03 02 01 02 02 05 03 02 02 13 01 16 03 
02 01 07 00 08 03 00:26:503306 Overed
02 01 02 02 05 03 00:26:536801 Overed
02 02 13 01 16 03 00:26:56685 = right
rawinput - 02 01 07 00 08 03 02 01 02 02 05 03 
02 01 07 00 08 03 00:26:597598 Overed
02 01 02 02 05 03 00:26:62688 = right
rawinput - 02 01 07 00 08 03 02 01 02 00 03 03 02 01 07 00 08 03 
02 01 07 00 08 03 00:26:654508 Overed
02 01 02 00 03 03 00:26:683851 Overed
02 01 07 00 08 03 00:26:712375 = right
rawinput - 02 01 02 02 05 03 02 01 07 00 08 03 
02 01 02 02 05 03 00:26:74065 Overed
02 01 07 00 08 03 00:26:768829 = right
rawinput - 02 01 02 02 05 03 
02 01 02 02 05 03 00:26:796193 = right
rawinput - 02 01 07 00 08 03 02 01 02 02 05 03 
02 01 07 00 08 03 00:26:824765 Overed
02 01 02 02 05 03 00:26:85562 = right
rawinput - 02 01 07 00 08 03 02 01 02 02 05 03 
02 01 07 00 08 03 00:26:884293 Overed
02 01 02 02 05 03 00:26:913279 = right
rawinput - 02 01 07 00 08 03 02 01 02 00 03 03 
02 01 07 00 08 03 00:26:950903 Overed
02 01 02 00 03 03 00:26:9811 = right
rawinput - 02 01 02 02 05 03 02 01 07 00 08 03 
02 01 02 02 05 03 00:27:01002 Overed
02 01 07 00 08 03 00:27:038636 = right
rawinput - 02 01 02 02 05 03 
02 01 02 02 05 03 00:27:066627 = right
rawinput - 02 01 07 02 0A 03 02 01 02 02 05 03 
02 01 07 02 0A 03 00:27:094791 Overed
02 01 02 02 05 03 00:27:123412 = right
rawinput - 02 01 07 02 0A 03 02 01 02 02 
02 01 07 02 0A 03 00:27:152467 Overed
rawinput - 05 03 
 Fixed
02 01 02 02 05 03  = pasted
02 01 02 02 05 03 00:27:211272 = right
rawinput - 02 01 07 00 08 03 02 01 02 00 03 03 02 01 07 00 08 03 02 01 02 00 03 03 
02 01 07 00 08 03 00:27:267467 Overed
02 01 02 00 03 03 00:27:297295 Overed
02 01 07 00 08 03 00:27:326103 Overed
02 01 02 00 03 03 00:27:353961 = right
rawinput - 02 01 07 02 0A 03 02 01 02 02 05 03 02 01 07 02 0A 03 02 01 02 02 05 03 
02 01 07 02 0A 03 00:27:380834 Overed
02 01 02 02 05 03 00:27:408537 Overed
02 01 07 02 0A 03 00:27:436644 Overed
02 01 02 02 05 03 00:27:464844 = right
rawinput - 02 01 07 00 08 03 02 01 02 02 05 03 02 01 07 00 08 03 02 01 02 02 05 03 
02 01 07 00 08 03 00:27:494449 Overed
02 01 02 02 05 03 00:27:522625 Overed
02 01 07 00 08 03 00:27:549753 Overed
02 01 02 02 05 03 00:27:578898 = right
rawinput - 02 01 07 02 0A 03 02 01 07 00 08 03 
02 01 07 02 0A 03 00:27:608036 Overed
02 01 07 00 08 03 00:27:637166 = right
rawinput - 02 01 02 00 03 03 
02 01 02 00 03 03 00:27:702319 = right
rawinput - 02 01 02 02 05 03 
02 01 02 02 05 03 00:27:79822 = right
rawinput - 02 01 02 00 03 03 
02 01 02 00 03 03 00:28:006088 = right
rawinput - 02 01 03 01 05 03 02 01 02 00 03 03 
02 01 03 01 05 03 00:28:245863 Overed
02 01 02 00 03 03 00:28:280958 = right
rawinput - 02 01 03 01 05 03 02 02 13 00 15 03 
02 01 03 01 05 03 00:28:293845 Overed
02 02 13 00 15 03 00:28:305539 = right
rawinput - 02 01 03 01 
rawinput - 05 03 
 Fixed
02 01 03 01 05 03  = pasted
02 01 03 01 05 03 00:28:382753 = right
rawinput - 02 01 03 01 05 03 
02 01 03 01 05 03 00:28:40608 = right
rawinput - 02 01 03 01 05 03 
02 01 03 01 05 03 00:28:501701 = right
rawinput - 02 01 03 01 05 03 
02 01 03 01 05 03 00:28:549638 = right
rawinput - 02 01 03 01 05 03 
02 01 03 01 05 03 00:28:597597 = right
rawinput - 02 01 03 01 05 03 
02 01 03 01 05 03 00:28:645571 = right
rawinput - 02 01 03 01 05 03 
02 01 03 01 05 03 00:28:693553 = right
rawinput - 02 
rawinput - 01 03 01 05 03 
 Fixed
02 01 03 01 05 03  = pasted
02 01 03 01 05 03 00:28:783884 = right
rawinput - 02 01 03 01 05 03 
02 01 03 01 05 03 00:28:807479 = right
rawinput - 02 01 07 02 0A 03 
02 01 07 02 0A 03 00:29:79705 = right
rawinput - 02 01 02 02 05 03 
02 01 02 02 05 03 00:30:196534 = right
1 = number
rawinput - 02 01 07 02 0A 03 02 02 18 01 1B 03 02 01 02 02 05 03 
02 01 07 02 0A 03 00:30:244647 Overed
02 02 18 01 1B 03 00:30:31164 Overed
02 01 02 02 05 03 00:30:355794 = right
rawinput - 02 01 02 00 03 03 02 01 07 02 0A 03 02 01 02 00 03 03 
02 01 02 00 03 03 00:30:40323 Overed
02 01 07 02 0A 03 00:30:447171 Overed
02 01 02 00 03 03 00:30:489058 = right
rawinput - 02 01 02 02 05 03 02 01 02 02 05 03 02 01 02 02 05 03 
02 01 02 02 05 03 00:30:530005 Overed
02 01 02 02 05 03 00:30:57262 Overed
02 01 02 02 05 03 00:30:57457 = right
rawinput - 02 01 02 02 05 03 
02 01 02 02 05 03 00:30:61577 = right
rawinput - 02 01 02 00 03 03 
02 01 02 00 03 03 00:30:657168 = right
rawinput - 02 01 02 00 03 03 
02 01 02 00 03 03 00:30:740254 = right
rawinput - 02 01 02 00 03 03 
02 01 02 00 03 03 00:30:756299 = right
rawinput - 02 01 02 00 03 03 
02 01 02 00 03 03 00:30:80424 = right
rawinput - 02 01 07 00 08 03 
02 01 07 00 08 03 00:31:203964 = right
rawinput - 02 01 08 01 0A 03 
02 01 08 01 0A 03 00:31:603609 = right
rawinput - 02 01 07 00 08 03 
02 01 07 00 08 03 00:31:657614 = right
rawinput - 02 01 08 01 0A 03 02 02 18 00 1A 
02 01 08 01 0A 03 00:31:691587 Overed
rawinput - 
 Fixed
02 02 18 00 1A  = pasted
rawinput - 03 02 01 07 00 08 03 
 Fixed
02 02 18 00 1A 03 02 01 07 00 08 03  = pasted
02 02 18 00 1A 03 00:31:821987 Overed
02 01 07 00 08 03 00:31:85484 = right
rawinput - 02 01 08 01 0A 03 02 01 07 00 08 03 02 01 08 01 0A 03 02 01 08 01 0A 03 
02 01 08 01 0A 03 00:31:879985 Overed
02 01 07 00 08 03 00:31:900859 Overed
02 01 08 01 0A 03 00:31:920464 Overed
02 01 08 01 0A 03 00:31:940586 = right
rawinput - 02 01 08 01 0A 03 
02 01 08 01 0A 03 00:31:963094 = right
rawinput - 02 01 08 01 0A 03 
02 01 08 01 0A 03 00:31:995215 = right
rawinput - 02 01 08 01 0A 03 
02 01 08 01 0A 03 00:32:043174 = right
rawinput - 02 01 08 01 0A 03 
02 01 08 01 0A 03 00:32:091137 = right
rawinput - 02 01 08 01 0A 03 
02 01 08 01 0A 03 00:32:155119 = right
rawinput - 02 01 08 01 0A 03 
02 01 08 01 0A 03 00:32:203077 = right
rawinput - 02 01 07 02 0A 03 
02 01 07 02 0A 03 00:32:698688 = right
rawinput - 02 01 02 02 05 03 02 01 07 02 0A 03 
02 01 02 02 05 03 00:32:794629 Overed
02 01 07 02 0A 03 00:32:795611 = right
3 = number
rawinput - 02 02 16 01 19 03 02 01 02 02 05 03 02 01 07 02 0A 03 
02 02 16 01 19 03 00:32:842593 Overed
02 01 02 02 05 03 00:32:888372 Overed
02 01 07 02 0A 03 00:32:918124 = right
rawinput - 02 01 02 02 05 03 02 01 07 02 0A 03 
02 01 02 02 05 03 00:32:948741 Overed
02 01 07 02 0A 03 00:32:977024 = right
rawinput - 02 01 02 02 05 03 02 01 07 02 0A 03 02 01 02 00 03 03 02 01 07 02 0A 03 
02 01 02 02 05 03 00:33:004883 Overed
02 01 07 02 0A 03 00:33:033781 Overed
02 01 02 00 03 03 00:33:068329 Overed
02 01 07 02 0A 03 00:33:111644 = right
rawinput - 02 01 02 00 03 03 02 01 07 02 0A 03 02 01 02 00 03 03 02 01 07 02 0A 03 
02 01 02 00 03 03 00:33:152736 Overed
02 01 07 02 0A 03 00:33:19467 Overed
02 01 02 00 03 03 00:33:235325 Overed
02 01 07 02 0A 03 00:33:276566 = right
rawinput - 02 01 07 02 0A 03 02 01 02 00 03 03 02 01 07 02 0A 03 02 01 02 02 05 03 02 01 02 00 03 03 02 01 07 00 08 03 
02 01 07 02 0A 03 00:33:318907 Overed
02 01 02 00 03 03 00:33:320328 Overed
02 01 07 02 0A 03 00:33:405269 Overed
02 01 02 02 05 03 00:33:438057 Overed
02 01 02 00 03 03 00:33:469935 Overed
02 01 07 00 08 03 00:33:502972 = right
rawinput - 02 01 02 00 03 03 02 01 07 00 08 03 02 01 07 00 08 03 02 01 07 00 08 03 
02 01 02 00 03 03 00:33:534007 Overed
02 01 07 00 08 03 00:33:565562 Overed
02 01 07 00 08 03 00:33:597678 Overed
02 01 07 00 08 03 00:33:598736 = right
rawinput - 02 01 02 02 05 03 
02 01 02 02 05 03 00:33:705902 = right
rawinput - 02 01 07 00 08 03 02 01 02 02 05 03 
02 01 07 00 08 03 00:33:753938 Overed
02 01 02 02 05 03 00:33:786161 = right
rawinput - 02 01 07 00 08 03 02 01 02 02 05 03 
02 01 07 00 08 03 00:33:816758 Overed
02 01 02 02 05 03 00:33:849549 = right
rawinput - 02 01 07 00 08 03 02 01 02 02 05 03 
02 01 07 00 08 03 00:33:884912 Overed
02 01 02 02 05 03 00:33:916821 = right
rawinput - 02 01 02 00 03 03 
02 01 02 00 03 03 00:33:947878 = right
rawinput - 02 01 02 02 05 03 
02 01 02 02 05 03 00:34:041631 = right
rawinput - 02 01 02 00 03 03 
02 01 02 00 03 03 00:34:201526 = right
rawinput - 02 01 06 01 08 03 
02 01 06 01 08 03 00:34:441376 = right
rawinput - 02 02 16 00 18 03 02 01 06 01 08 03 
02 02 16 00 18 03 00:34:505355 Overed
02 01 06 01 08 03 00:34:506578 = right
rawinput - 02 01 06 01 08 03 
02 01 06 01 08 03 00:34:553301 = right
rawinput - 02 01 06 01 08 03 
02 01 06 01 08 03 00:34:601319 = right
rawinput - 02 01 06 01 08 03 
02 01 06 01 08 03 00:34:697253 = right
rawinput - 02 01 06 01 08 03 
02 01 06 01 08 03 00:34:745219 = right
rawinput - 02 01 06 01 08 03 
02 01 06 01 08 03 00:34:793159 = right
rawinput - 02 01 06 01 08 03 
02 01 06 01 08 03 00:34:841142 = right
rawinput - 02 01 06 01 08 03 
02 01 06 01 08 03 00:34:905112 = right
rawinput - 02 01 06 01 08 03 
02 01 06 01 08 03 00:34:953063 = right
rawinput - 02 01 02 02 05 03 
02 01 02 02 05 03 00:35:592631 = right
rawinput - 02 01 02 00 03 03 
02 01 02 00 03 03 00:35:848373 = right
rawinput - 02 01 02 02 05 03 
02 01 02 02 05 03 00:35:944272 = right
rawinput - 02 01 07 02 0A 03 
02 01 07 02 0A 03 00:35:992261 = right
6 = number
rawinput - 02 02 15 01 18 03 02 01 02 02 05 
02 02 15 01 18 03 00:36:040268 Overed
rawinput - 03 02 01 07 02 0A 03 
 Fixed
02 01 02 02 05 03 02 01 07 02 0A 03  = pasted
02 01 02 02 05 03 00:36:107043 Overed
02 01 07 02 0A 03 00:36:192026 = right
rawinput - 02 01 02 00 03 03 02 01 07 00 08 03 02 01 02 00 03 03 02 01 07 00 08 03 
02 01 02 00 03 03 00:36:234693 Overed
02 01 07 00 08 03 00:36:275498 Overed
02 01 02 00 03 03 00:36:317842 Overed
02 01 07 00 08 03 00:36:358432 = right
rawinput - 02 01 07 02 0A 03 02 01 07 02 0A 03 02 01 07 02 0A 03 02 01 07 02 0A 03 
02 01 07 02 0A 03 00:36:404604 Overed
02 01 07 02 0A 03 00:36:448684 Overed
02 01 07 02 0A 03 00:36:450211 Overed
02 01 07 02 0A 03 00:36:491957 = right
rawinput - 02 01 07 02 0A 03 02 01 07 02 0A 03 
02 01 07 02 0A 03 00:36:53382 Overed
02 01 07 02 0A 03 00:36:575633 = right
rawinput - 02 01 07 02 0A 03 
02 01 07 02 0A 03 00:36:61733 = right
rawinput - 02 01 02 02 05 03 
02 01 02 02 05 03 00:36:791801 = right
rawinput - 02 01 07 00 08 03 02 01 02 00 03 03 
02 01 07 00 08 03 00:36:999627 Overed
02 01 02 00 03 03 00:37:031966 = right
rawinput - 02 01 07 00 08 03 02 01 02 00 03 03 
02 01 07 00 08 03 00:37:062916 Overed
02 01 02 00 03 03 00:37:095767 = right
rawinput - 02 01 07 02 0A 03 02 01 02 00 03 03 
02 01 07 02 0A 03 00:37:127787 Overed
02 01 02 00 03 03 00:37:159947 = right
rawinput - 02 01 07 02 0A 03 02 01 02 00 03 03 02 01 07 00 08 03 
02 01 07 02 0A 03 00:37:193568 Overed
02 01 02 00 03 03 00:37:225908 Overed
02 01 07 00 08 03 00:37:257237 = right
rawinput - 02 01 02 00 03 03 02 01 07 00 08 03 
02 01 02 00 03 03 00:37:287375 Overed
02 01 07 00 08 03 00:37:318723 = right
rawinput - 02 01 02 00 03 03 02 01 07 00 08 03 
02 01 02 00 03 03 00:37:350841 Overed
02 01 07 00 08 03 00:37:384014 = right
rawinput - 02 01 02 00 03 03 02 01 07 00 08 03 
02 01 02 00 03 03 00:37:417169 Overed
02 01 07 00 08 03 00:37:449437 = right
rawinput - 02 01 05 01 07 03 
02 01 05 01 07 03 00:37:500928 = right
rawinput - 02 01 07 00 08 03 02 02 15 00 17 03 02 01 05 01 07 03 
02 01 07 00 08 03 00:37:58346 Overed
02 02 15 00 17 03 00:37:585324 Overed
02 01 05 01 07 03 00:37:623365 = right
rawinput - 02 01 05 01 07 03 02 01 05 
02 01 05 01 07 03 00:37:650593 Overed
rawinput - 01 07 03 
 Fixed
02 01 05 01 07 03  = pasted
02 01 05 01 07 03 00:37:725127 = right
rawinput - 02 01 05 01 07 03 
02 01 05 01 07 03 00:37:750969 = right
rawinput - 02 01 05 01 07 03 
02 01 05 01 07 03 00:37:781148 = right
rawinput - 02 01 05 01 07 03 
02 01 05 01 07 03 00:37:805602 = right
rawinput - 02 01 05 01 07 03 
02 01 05 01 07 03 00:37:8949 = right
rawinput - 02 01 05 01 07 03 
02 01 05 01 07 03 00:37:942861 = right
rawinput - 02 01 05 01 07 03 
02 01 05 01 07 03 00:37:990824 = right
rawinput - 02 01 
rawinput - 05 01 07 03 
 Fixed
02 01 05 01 07 03  = pasted
02 01 05 01 07 03 00:38:085012 = right
rawinput - 02 01 02 02 05 03 
02 01 02 02 05 03 00:38:694267 = right
rawinput - 02 01 07 02 0A 03 02 01 02 02 05 03 
02 01 07 02 0A 03 00:38:790232 Overed
02 01 02 02 05 03 00:38:791243 = right
rawinput - 02 01 07 02 0A 03 02 01 02 02 05 03 
02 01 07 02 0A 03 00:38:854187 Overed
02 01 02 02 05 03 00:38:888942 = right
rawinput - 02 01 07 02 0A 03 02 01 02 00 03 03 
02 01 07 02 0A 03 00:38:922968 Overed
02 01 02 00 03 03 00:38:955589 = right
rawinput - 02 01 07 02 0A 03 02 01 02 00 03 03 
02 01 07 02 0A 03 00:38:987521 Overed
02 01 02 00 03 03 00:39:01052 = right
rawinput - 02 01 07 02 0A 03 02 01 02 00 03 03 02 01 07 02 0A 03 
02 01 07 02 0A 03 00:39:057768 Overed
02 01 02 00 03 03 00:39:099255 Overed
02 01 07 02 0A 03 00:39:109774 = right
rawinput - 02 01 02 02 05 03 
02 01 02 02 05 03 00:39:117183 = right
rawinput - 02 01 07 02 0A 03 02 01 02 02 05 03 
02 01 07 02 0A 03 00:39:141957 Overed
02 01 02 02 05 03 00:39:160214 = right
rawinput - 02 01 07 02 0A 03 02 01 02 02 05 03 
02 01 07 02 0A 03 00:39:18997 Overed
02 01 02 02 05 03 00:39:221668 = right
rawinput - 02 01 07 02 0A 03 02 01 02 02 05 03 
02 01 07 02 0A 03 00:39:253896 Overed
02 01 02 02 05 03 00:39:284279 = right
rawinput - 02 01 02 00 03 03 02 01 07 02 0A 03 
02 01 02 00 03 03 00:39:32126 Overed
02 01 07 02 0A 03 00:39:362873 = right
rawinput - 02 01 02 00 03 03 02 01 07 02 0A 03 02 01 02 02 05 03 
02 01 02 00 03 03 00:39:405477 Overed
02 01 07 02 0A 03 00:39:413004 Overed
02 01 02 02 05 03 00:39:414691 = right
rawinput - 02 01 02 00 03 03 
02 01 02 00 03 03 00:39:493821 = right
rawinput - 02 01 02 02 05 03 
02 01 02 02 05 03 00:39:654459 = right
rawinput - 02 01 02 00 03 03 
02 01 02 00 03 03 00:39:750332 = right
rawinput - 02 01 02 02 05 03 
02 01 02 02 05 03 00:39:941824 = right
rawinput - 02 01 02 00 03 03 
02 01 02 00 03 03 00:40:10187 = right
rawinput - 02 01 07 00 08 03 
02 01 07 00 08 03 00:50:094772 = right
rawinput - 02 01 07 02 0A 03 
02 01 07 02 0A 03 00:50:58993 = right
rawinput - 02 01 07 00 08 03 
02 01 07 00 08 03 00:50:94183 = right
